Webots Project File version R2023b
perspectives: 000000ff00000000fd00000002000000010000025f0000059bfc0200000001fb0000001400540065007800740045006400690074006f0072000000001e0000059b0000004600ffffff0000000300000a000000018dfc0100000001fb0000001a0043006f006e0073006f006c00650041006c006c0041006c006c010000000000000a00000000000000000000000a000000059b00000001000000020000000100000008fc00000000
simulationViewPerspectives: 000000ff00000001000000020000013e000007a40100000002010000000101
sceneTreePerspectives: 000000ff00000001000000030000002600000559000000fa0100000002010000000201
minimizedPerspectives: 000000ff00000000fd0000000300000000000001ca0000039ffc0200000001fb00000012005300630065006e0065005400720065006501000000000000039f0000000000000000000000010000023a00000262fc0200000001fb0000001400540065007800740045006400690074006f00720000000016000002620000004100ffffff00000003000007800000003efc0100000002fb0000000e0043006f006e0073006f006c006501000001d0000005b00000000000000000fb0000001a0043006f006e0073006f006c00650041006c006c0041006c006c0100000000000007800000006900ffffff000007800000038e00000004000000040000000100000008fc00000000
maximizedDockId: -1
centralWidgetVisible: 1
projectionMode: PERSPECTIVE
orthographicViewHeight: 1
textFiles: -1
renderingDevicePerspectives: rosbot_robot:camera depth;0;0.895833;0;0
renderingDevicePerspectives: rosbot_robot:camera rgb;0;0.895833;0;0
